easy:
(1).			
1 2 3			1 2 3
4 5 6			4 5 6
7 0 8			7 0 8

1 2 3			1 2 3
4 5 6
0 7 8

(2).
1 2 3
0 4 5
7 8 6

1 2 3
4 5 6
7 8 0

(3).

1 2 0
4 5 3
7 8 6

1 2 3
4 5 6
7 8 0

Mid:
(4).
1 0 3
4 2 5
7 8 6

1 2 3
4 5 6
7 8 0

(5).
1 2 3
7 0 5
4 8 6

1 2 3
4 5 6
7 8 0

(6).
1 2 3
4 5 0
7 8 6

1 2 3
4 5 6
7 8 0

(7).
1 2 3
4 5 6
0 7 8

1 2 3
4 5 6
7 0 8

(8).

1 2 3
0 5 6
4 7 8

1 2 3
4 5 6
7 8 0

(9).

1 2 3
4 5 8
0 7 6

1 2 3
4 5 6
7 8 0

(10).

1 3 0
4 2 5
7 8 6

1 2 3
4 5 6
7 8 0
			